%YAML:1.0
keypoints: [ 34., 4., 2., 1.2980697631835938e+02, 9.2460395535454154e-06,
    0, -1, 30., 7., 2., 7.0555877685546875e+01, 9.1648716988856904e-06,
    0, -1, 33., 13., 2., 90., 8.5455048974836245e-06, 0, -1, 13., 16.,
    2., 1.4037777900695801e+01, 6.3539250731992070e-06, 0, -1, 33., 17.,
    2., 2.0656710815429688e+02, 8.4801586126559414e-06, 0, -1, 40., 18.,
    2., 1.1974293518066406e+02, 5.8425721363164485e-06, 0, -1, 48., 19.,
    2., 1.1180585479736328e+02, 5.2660038818430621e-06, 0, -1, 17., 20.,
    2., 2.1686370849609375e+02, 6.2906688071961980e-06, 0, -1, 27., 21.,
    2., 2.3738659667968750e+02, 4.7474427447014023e-06, 0, -1, 12., 22.,
    2., 7.7644872665405273e+00, 5.0094636208086740e-06, 0, -1, 44., 23.,
    2., 3.1500955200195313e+02, 4.6279910748125985e-06, 0, -1, 16., 24.,
    2., 180., 4.1802327359619085e-06, 0, -1, 50., 25., 2.,
    1.3091973876953125e+02, 2.3524826247012243e-06, 0, -1, 11., 26., 2.,
    2.6567104339599609e+01, 8.2654842117335647e-06, 0, -1, 36., 26., 2.,
    1.3672753906250000e+02, 1.6193865803870722e-06, 0, -1, 51., 29., 2.,
    1.9843867492675781e+02, 2.9697080208279658e-06, 0, -1, 47., 30., 2.,
    6.3432895660400391e+01, 3.2833372642926406e-06, 0, -1, 21., 33., 2.,
    3.1817181396484375e+02, 2.7987064186163479e-06, 0, -1, 31., 34., 2.,
    1.9843867492675781e+02, 2.4083067273750203e-06, 0, -1,
    3.0000001907348633e+01, 7.2000002861022949e+00,
    2.4000000953674316e+00, 6.8194145202636719e+01,
    6.1328851188591216e-06, 1, -1, 3.3600002288818359e+01,
    1.3200000762939453e+01, 2.4000000953674316e+00,
    1.5343289184570313e+02, 8.5447518358705565e-06, 1, -1,
    1.3200000762939453e+01, 1.5600000381469727e+01,
    2.4000000953674316e+00, 6.1927177429199219e+01,
    4.7765856834303122e-06, 1, -1, 3.2400001525878906e+01, 18.,
    2.4000000953674316e+00, 2.1368319702148438e+02,
    7.0344972300517838e-06, 1, -1, 3.9600002288818359e+01, 18.,
    2.4000000953674316e+00, 1.3500955200195313e+02,
    7.5847510743187740e-06, 1, -1, 48., 1.9200000762939453e+01,
    2.4000000953674316e+00, 1.2553035736083984e+02,
    5.1690626605704892e-06, 1, -1, 1.6800001144409180e+01,
    2.0400001525878906e+01, 2.4000000953674316e+00,
    1.7682077026367188e+02, 6.6708398662740365e-06, 1, -1,
    2.6400001525878906e+01, 2.0400001525878906e+01,
    2.4000000953674316e+00, 2.5474270629882813e+02,
    4.4513362809084356e-06, 1, -1, 3.8400001525878906e+01,
    2.1600000381469727e+01, 2.4000000953674316e+00,
    2.8197668457031250e+02, 4.9171708269568626e-06, 1, -1,
    4.4400001525878906e+01, 2.2800001144409180e+01,
    2.4000000953674316e+00, 3.3522134399414063e+02,
    4.1675803004181944e-06, 1, -1, 1.5600000381469727e+01, 24.,
    2.4000000953674316e+00, 180., 4.1528755900799297e-06, 1, -1,
    1.0800000190734863e+01, 2.6400001525878906e+01,
    2.4000000953674316e+00, 3.3555233764648438e+02,
    6.4582541199342813e-06, 1, -1, 5.0400001525878906e+01,
    2.8800001144409180e+01, 2.4000000953674316e+00,
    2.0656710815429688e+02, 3.5574983030528529e-06, 1, -1,
    4.6800003051757813e+01, 3.0000001907348633e+01,
    2.4000000953674316e+00, 3.4868978881835938e+02,
    2.4760779524513055e-06, 1, -1, 4.0800003051757813e+01,
    3.4800003051757813e+01, 2.4000000953674316e+00,
    2.0444764709472656e+02, 2.2335811991069932e-06, 1, -1,
    3.8400001525878906e+01, 36., 2.4000000953674316e+00,
    8.1294775009155273e+00, 2.8728916277032113e-06, 1, -1,
    3.0240001678466797e+01, 7.2000002861022949e+00,
    2.8800001144409180e+00, 6.1699199676513672e+01,
    4.6830014071019832e-06, 2, -1, 3.3120002746582031e+01,
    1.2960000991821289e+01, 2.8800001144409180e+00,
    6.6797187805175781e+01, 6.9747143243148457e-06, 2, -1,
    1.4400000572204590e+01, 1.5840000152587891e+01,
    2.8800001144409180e+00, 1.1104193115234375e+02,
    5.0348094191576820e-06, 2, -1, 3.3120002746582031e+01,
    1.8720001220703125e+01, 2.8800001144409180e+00,
    3.3343289184570313e+02, 6.3604929891880602e-06, 2, -1,
    3.8880001068115234e+01, 2.0159999847412109e+01,
    2.8800001144409180e+00, 3.0096005249023438e+02,
    4.8076822167786304e-06, 2, -1, 4.7520000457763672e+01,
    2.0159999847412109e+01, 2.8800001144409180e+00,
    1.2686371612548828e+02, 5.2941500143788289e-06, 2, -1,
    1.1520000457763672e+01, 2.5920001983642578e+01,
    2.8800001144409180e+00, 90., 5.4848242143634707e-06, 2, -1,
    2.1600000381469727e+01, 2.7360000610351563e+01,
    2.8800001144409180e+00, 4.7717491149902344e+01,
    2.6454192720848368e-06, 2, -1, 5.0400001525878906e+01,
    2.8800001144409180e+01, 2.8800001144409180e+00,
    2.4138989257812500e+02, 2.6455193165020319e-06, 2, -1,
    2.1600000381469727e+01, 3.1680000305175781e+01,
    2.8800001144409180e+00, 2.9180584716796875e+02,
    1.8959202634505345e-06, 2, -1, 4.0319999694824219e+01,
    3.4560001373291016e+01, 2.8800001144409180e+00,
    2.2271841430664063e+02, 1.3464464245771524e-06, 2, -1,
    2.9376003265380859e+01, 6.9120006561279297e+00,
    3.4560003280639648e+00, 5.9746238708496094e+01,
    2.9505060865631094e-06, 3, -1, 3.2832004547119141e+01,
    1.3824001312255859e+01, 3.4560003280639648e+00, 270.,
    5.2707550821651239e-06, 3, -1, 1.3824001312255859e+01,
    1.5552001953125000e+01, 3.4560003280639648e+00,
    7.9992202758789063e+01, 3.0500639240926830e-06, 3, -1,
    4.6656005859375000e+01, 1.9008001327514648e+01,
    3.4560003280639648e+00, 1.0209535217285156e+02,
    2.9921973236923805e-06, 3, -1, 1.2096000671386719e+01,
    2.5920001983642578e+01, 3.4560003280639648e+00,
    1.8519363403320313e+02, 3.0407531994569581e-06, 3, -1,
    5.0112003326416016e+01, 2.7648002624511719e+01,
    3.4560003280639648e+00, 1.5943960571289063e+02,
    1.9043958445763565e-06, 3, -1, 2.0736001968383789e+01,
    2.9376003265380859e+01, 3.4560003280639648e+00, 0.,
    3.4607885481818812e-06, 3, -1, 3.3177604675292969e+01,
    1.2441601753234863e+01, 4.1472005844116211e+00,
    1.3500955200195313e+02, 2.6067812086694175e-06, 4, -1,
    4.5619205474853516e+01, 1.8662403106689453e+01,
    4.1472005844116211e+00, 1.0252960205078125e+02,
    1.9779993181145983e-06, 4, -1, 1.2441601753234863e+01,
    2.4883203506469727e+01, 4.1472005844116211e+00, 180.,
    2.4185267193388427e-06, 4, -1, 4.7692806243896484e+01,
    2.6956804275512695e+01, 4.1472005844116211e+00,
    3.8657489776611328e+01, 1.8253064126838581e-06, 4, -1,
    2.0736003875732422e+01, 2.9030403137207031e+01,
    4.1472005844116211e+00, 0., 2.6596856059768470e-06, 4, -1,
    3.2348167419433594e+01, 1.2441602706909180e+01,
    4.9766411781311035e+00, 9.3575675964355469e+01,
    1.3123216149324435e-06, 5, -1, 1.2441602706909180e+01,
    1.7418243408203125e+01, 4.9766411781311035e+00, 0.,
    1.2856405646743951e-06, 5, -1, 4.7278091430664063e+01,
    1.9906564712524414e+01, 4.9766411781311035e+00,
    1.5874505615234375e+02, 8.1220167658102582e-07, 5, -1,
    2.2394886016845703e+01, 2.9859848022460938e+01,
    4.9766411781311035e+00, 2.9861010742187500e+02,
    1.7686633100311155e-06, 5, -1, 1.1943939208984375e+01,
    1.4929924011230469e+01, 5.9719696044921875e+00,
    5.5626914978027344e+01, 6.4739703020677553e-07, 6, -1,
    1.1943939208984375e+01, 2.3887878417968750e+01,
    5.9719696044921875e+00, 180., 1.3597380075225374e-06, 6, -1 ]
