%YAML:1.0
keypoints: [ 24., 3., 2., 2.8904519653320313e+02, 4.7304256440838799e-05,
    0, -1, 36., 4., 2., 2.4274334716796875e+02, 2.8080406991648488e-05,
    0, -1, 28., 5., 2., 3.0458496093750000e+02, 5.1207105570938438e-05,
    0, -1, 30., 5., 2., 2.6287573242187500e+02, 7.7049058745615184e-05,
    0, -1, 32., 5., 2., 2.4433193969726563e+02, 3.4021482861135155e-05,
    0, -1, 65., 5., 2., 3.1711218261718750e+02, 4.5928729377919808e-05,
    0, -1, 30., 7., 2., 2.7229016113281250e+02, 7.1599584771320224e-05,
    0, -1, 42., 11., 2., 1.0619187164306641e+02, 3.2291791285388172e-04,
    0, -1, 38., 13., 2., 5.7999721527099609e+01, 5.3813064005225897e-04,
    0, -1, 44., 14., 2., 1.9525729370117188e+02, 5.4979050764814019e-04,
    0, -1, 36., 15., 2., 1.7931434631347656e+01, 4.5920148841105402e-04,
    0, -1, 31., 17., 2., 6.3197357177734375e+01, 6.4303087128791958e-05,
    0, -1, 44., 17., 2., 1.7329093933105469e+02, 4.0026713395491242e-04,
    0, -1, 27., 21., 2., 3.4596221923828125e+02, 5.0119397928938270e-04,
    0, -1, 32., 21., 2., 270., 2.7679165941663086e-04, 0, -1, 43., 22.,
    2., 1.0217208862304688e+02, 5.0737529818434268e-05, 0, -1, 49., 25.,
    2., 1.4404660034179688e+02, 2.8880935860797763e-04, 0, -1, 51., 26.,
    2., 1.5316418457031250e+02, 2.1705348626710474e-04, 0, -1, 35., 27.,
    2., 2.4721327209472656e+02, 3.6942183214705437e-05, 0, -1, 45., 27.,
    2., 2.9740872192382813e+02, 3.1597260385751724e-04, 0, -1, 26., 28.,
    2., 6.7829238891601563e+01, -5.9054523262602743e-06, 0, -1, 48., 29.,
    2., 2.7978216552734375e+02, 3.6422666744329035e-04, 0, -1, 52., 29.,
    2., 2.6727423095703125e+02, 3.1704906723462045e-04, 0, -1, 22., 30.,
    2., 3.5265041351318359e+01, 3.2744772033765912e-04, 0, -1, 26., 32.,
    2., 2.3402642822265625e+02, 1.9112795416731387e-04, 0, -1, 23., 33.,
    2., 3.3138989257812500e+02, 5.2323198178783059e-04, 0, -1, 7., 35.,
    2., 6.1040779113769531e+01, 2.0575728558469564e-04, 0, -1, 14., 35.,
    2., 1.0843867492675781e+02, 1.6165975830517709e-04, 0, -1, 5., 38.,
    2., 3.5399179077148438e+02, 5.4456439102068543e-04, 0, -1, 9., 38.,
    2., 2.3937321472167969e+02, 1.1712654668372124e-04, 0, -1, 12., 38.,
    2., 2.9140423583984375e+02, 1.2683185923378915e-04, 0, -1, 16., 38.,
    2., 2.6399182128906250e+02, 4.1792460251599550e-04, 0, -1, 24.,
    3.6000001430511475e+00, 2.4000000953674316e+00,
    3.0216589355468750e+02, 2.1718458810937591e-05, 1, -1, 36.,
    3.6000001430511475e+00, 2.4000000953674316e+00,
    2.5525453186035156e+02, 1.9283108485979028e-05, 1, -1,
    2.7600000381469727e+01, 4.8000001907348633e+00,
    2.4000000953674316e+00, 3.0597970581054688e+02,
    4.3511245166882873e-05, 1, -1, 3.0000001907348633e+01,
    4.8000001907348633e+00, 2.4000000953674316e+00,
    2.5831021118164063e+02, 8.2309867138974369e-05, 1, -1,
    6.3600002288818359e+01, 4.8000001907348633e+00,
    2.4000000953674316e+00, 3.0553036499023438e+02,
    3.4744589356705546e-05, 1, -1, 3.0000001907348633e+01,
    7.2000002861022949e+00, 2.4000000953674316e+00,
    2.8639230346679688e+02, 7.5698095315601677e-05, 1, -1,
    3.7200000762939453e+01, 12., 2.4000000953674316e+00,
    4.1087665557861328e+01, 2.7261511422693729e-04, 1, -1,
    4.3200000762939453e+01, 1.3200000762939453e+01,
    2.4000000953674316e+00, 1.5094636535644531e+02,
    4.9427279736846685e-04, 1, -1, 3.4800003051757813e+01,
    1.5600000381469727e+01, 2.4000000953674316e+00,
    8.7039634704589844e+01, 3.1718635000288486e-04, 1, -1,
    3.1200000762939453e+01, 1.6800001144409180e+01,
    2.4000000953674316e+00, 6.9634078979492188e+01,
    1.0129200381925330e-04, 1, -1, 4.4400001525878906e+01,
    1.6800001144409180e+01, 2.4000000953674316e+00,
    1.9061967468261719e+02, 4.6387797920033336e-04, 1, -1,
    5.0400001525878906e+01, 18., 2.4000000953674316e+00,
    8.3991806030273438e+01, 2.4253936135210097e-04, 1, -1,
    2.6400001525878906e+01, 2.1600000381469727e+01,
    2.4000000953674316e+00, 2.8730374145507813e+02,
    2.9518088558688760e-04, 1, -1, 3.1200000762939453e+01,
    2.1600000381469727e+01, 2.4000000953674316e+00,
    2.7616937255859375e+02, 2.2513029398396611e-04, 1, -1,
    4.3200000762939453e+01, 2.1600000381469727e+01,
    2.4000000953674316e+00, 2.7600817871093750e+02,
    5.9115176554769278e-05, 1, -1, 4.9200000762939453e+01,
    2.2800001144409180e+01, 2.4000000953674316e+00,
    1.5636654663085938e+02, 4.8034579958766699e-04, 1, -1, 48.,
    2.5200000762939453e+01, 2.4000000953674316e+00,
    1.4052728271484375e+02, 3.3222403726540506e-04, 1, -1, 36.,
    2.6400001525878906e+01, 2.4000000953674316e+00,
    2.4937210083007813e+02, 5.5063759646145627e-05, 1, -1,
    4.3200000762939453e+01, 2.6400001525878906e+01,
    2.4000000953674316e+00, 2.7301220703125000e+02,
    2.7896533720195293e-04, 1, -1, 4.6800003051757813e+01,
    2.8800001144409180e+01, 2.4000000953674316e+00,
    3.1776144409179688e+02, 3.1275217770598829e-04, 1, -1,
    5.1600002288818359e+01, 2.8800001144409180e+01,
    2.4000000953674316e+00, 1.8853021240234375e+02,
    2.2889574756845832e-04, 1, -1, 2.6400001525878906e+01,
    3.2400001525878906e+01, 2.4000000953674316e+00,
    2.3953742980957031e+02, 8.9945548097603023e-05, 1, -1,
    2.2800001144409180e+01, 3.3600002288818359e+01,
    2.4000000953674316e+00, 2.6610021972656250e+02,
    3.6891750642098486e-04, 1, -1, 7.2000002861022949e+00,
    3.4800003051757813e+01, 2.4000000953674316e+00,
    6.5552345275878906e+01, 2.6045512640848756e-04, 1, -1,
    1.0800000190734863e+01, 3.4800003051757813e+01,
    2.4000000953674316e+00, 9.1245101928710938e+01,
    1.7883502005133778e-04, 1, -1, 4.8000001907348633e+00,
    3.8400001525878906e+01, 2.4000000953674316e+00,
    3.3107437133789063e+02, 3.8041509105823934e-04, 1, -1,
    1.0800000190734863e+01, 3.8400001525878906e+01,
    2.4000000953674316e+00, 2.7579199218750000e+02,
    2.9793666908517480e-04, 1, -1, 1.5600000381469727e+01,
    3.8400001525878906e+01, 2.4000000953674316e+00,
    2.8159255981445313e+02, 3.3440574770793319e-04, 1, -1,
    3.0240001678466797e+01, 4.3200001716613770e+00,
    2.8800001144409180e+00, 2.5734658813476563e+02,
    4.9581638450035825e-05, 2, -1, 6.3360000610351563e+01,
    4.3200001716613770e+00, 2.8800001144409180e+00,
    2.9244714355468750e+02, 2.3305410650209524e-05, 2, -1,
    3.0240001678466797e+01, 7.2000002861022949e+00,
    2.8800001144409180e+00, 2.8226544189453125e+02,
    4.7806737711653113e-05, 2, -1, 3.8880001068115234e+01,
    1.1520000457763672e+01, 2.8800001144409180e+00,
    6.8890739440917969e+01, 2.8626617859117687e-04, 2, -1,
    4.3200000762939453e+01, 1.2960000991821289e+01,
    2.8800001144409180e+00, 1.1905363464355469e+02,
    3.8803913048468530e-04, 2, -1, 3.4560001373291016e+01,
    1.4400000572204590e+01, 2.8800001144409180e+00,
    4.8004417419433594e+01, 2.2566513507626951e-04, 2, -1,
    4.6080001831054688e+01, 1.5840000152587891e+01,
    2.8800001144409180e+00, 1.7429022216796875e+02,
    4.7427564277313650e-04, 2, -1, 3.0240001678466797e+01,
    1.7280000686645508e+01, 2.8800001144409180e+00,
    6.2161293029785156e+01, 1.6980497457552701e-04, 2, -1,
    5.0400001525878906e+01, 1.8720001220703125e+01,
    2.8800001144409180e+00, 2.2939443969726563e+02,
    2.4493044475093484e-04, 2, -1, 2.7360000610351563e+01,
    2.1600000381469727e+01, 2.8800001144409180e+00,
    2.4661061096191406e+02, 2.7610175311565399e-04, 2, -1,
    3.1680000305175781e+01, 2.1600000381469727e+01,
    2.8800001144409180e+00, 3.1811398315429688e+02,
    2.2047215315978974e-04, 2, -1, 5.0400001525878906e+01,
    2.3040000915527344e+01, 2.8800001144409180e+00,
    1.4071095275878906e+02, 3.8154298090375960e-04, 2, -1, 36.,
    2.7360000610351563e+01, 2.8800001144409180e+00,
    2.5322581481933594e+02, 6.5376094426028430e-05, 2, -1,
    4.3200000762939453e+01, 2.7360000610351563e+01,
