%YAML:1.0
keypoints: [ 24., 3., 2., 2.7802661132812500e+02, 1.3438804671750404e-05,
    0, -1, 66., 3., 2., 2.5557748413085938e+02, 1.5422541764564812e-05,
    0, -1, 36., 4., 2., 2.3959182739257813e+02, 1.0486900464456994e-05,
    0, -1, 29., 5., 2., 2.9244714355468750e+02, 2.9555347282439470e-05,
    0, -1, 32., 5., 2., 2.4592062377929688e+02, 2.1634756194544025e-05,
    0, -1, 66., 5., 2., 2.9571276855468750e+02, 9.6121420938288793e-06,
    0, -1, 32., 7., 2., 2.9905364990234375e+02, 1.9640412574517541e-05,
    0, -1, 37., 13., 2., 1.1603215026855469e+02, 1.4279852621257305e-04,
    0, -1, 32., 15., 2., 5.1846446990966797e+01, 2.6571465423330665e-04,
    0, -1, 39., 16., 2., 1.9909747314453125e+02, 2.5079122860915959e-04,
    0, -1, 30., 17., 2., 3.3465069580078125e+02, 2.5521469069644809e-04,
    0, -1, 42., 23., 2., 1.0438311004638672e+02, 1.6132033124449663e-05,
    0, -1, 29., 24., 2., 3.0468780517578125e+02, 1.2649394921027124e-04,
    0, -1, 24., 25., 2., 2.9494729614257813e+02, 1.2481644807849079e-04,
    0, -1, 46., 25., 2., 2.1396948242187500e+02, 1.2825633166357875e-04,
    0, -1, 38., 27., 2., 1.6070591735839844e+02, 1.4873941836412996e-04,
    0, -1, 34., 31., 2., 2.8453625488281250e+02, 1.4848927094135433e-04,
    0, -1, 30., 34., 2., 2.2209771728515625e+02, 8.4017250628676265e-05,
    0, -1, 42., 34., 2., 1.4284126281738281e+02, 8.3370789070613682e-05,
    0, -1, 25., 35., 2., 3.6566467285156250e+01, 1.6027211677283049e-04,
    0, -1, 28., 37., 2., 2.7306591796875000e+02, 1.6838945157360286e-04,
    0, -1, 39., 37., 2., 3.1600091552734375e+02, 8.6570580606348813e-05,
    0, -1, 41., 37., 2., 2.6348098754882813e+02, 1.8337706569582224e-04,
    0, -1, 6., 38., 2., 2.6567104339599609e+01, 1.0005304648075253e-04,
    0, -1, 15., 38., 2., 1.5649731445312500e+02, 8.8199594756588340e-05,
    0, -1, 24., 3.6000001430511475e+00, 2.4000000953674316e+00,
    2.9137506103515625e+02, 7.1853369263408240e-06, 1, -1, 36.,
    3.6000001430511475e+00, 2.4000000953674316e+00,
    2.5009204101562500e+02, 8.9447312348056585e-06, 1, -1,
    2.8800001144409180e+01, 4.8000001907348633e+00,
    2.4000000953674316e+00, 2.9454138183593750e+02,
    2.8264990760362707e-05, 1, -1, 6.4800003051757813e+01,
    4.8000001907348633e+00, 2.4000000953674316e+00,
    2.8197668457031250e+02, 6.1833443396608345e-06, 1, -1, 36.,
    1.3200000762939453e+01, 2.4000000953674316e+00,
    1.0115487670898438e+02, 1.6831932589411736e-04, 1, -1,
    3.2400001525878906e+01, 1.4400000572204590e+01,
    2.4000000953674316e+00, 4.6628742218017578e+01,
    1.7769412079360336e-04, 1, -1, 3.8400001525878906e+01,
    1.5600000381469727e+01, 2.4000000953674316e+00,
    1.7301971435546875e+02, 2.0409800345078111e-04, 1, -1,
    2.8800001144409180e+01, 18., 2.4000000953674316e+00,
    9.8325057983398438e+01, 1.5611642447765917e-04, 1, -1,
    2.7600000381469727e+01, 2.0400001525878906e+01,
    2.4000000953674316e+00, 6.9619247436523438e+01,
    1.7075291543733329e-04, 1, -1, 24., 24., 2.4000000953674316e+00,
    3.9289047241210938e+01, 1.1758442997233942e-04, 1, -1,
    2.8800001144409180e+01, 24., 2.4000000953674316e+00,
    3.0317208862304688e+02, 1.3792364916298538e-04, 1, -1,
    4.5600002288818359e+01, 2.5200000762939453e+01,
    2.4000000953674316e+00, 2.1160292053222656e+02,
    8.6292435298673809e-05, 1, -1, 3.8400001525878906e+01,
    2.7600000381469727e+01, 2.4000000953674316e+00,
    1.4313629150390625e+02, 1.4181004371494055e-04, 1, -1,
    3.3600002288818359e+01, 3.1200000762939453e+01,
    2.4000000953674316e+00, 270., 1.5473649546038359e-04, 1, -1, 42.,
    3.3600002288818359e+01, 2.4000000953674316e+00,
    1.4799972534179688e+02, 5.1135775720467791e-05, 1, -1,
    2.5200000762939453e+01, 36., 2.4000000953674316e+00,
    2.9508691406250000e+02, 1.4713077689521015e-04, 1, -1,
    2.7600000381469727e+01, 3.7200000762939453e+01,
    2.4000000953674316e+00, 2.7785266113281250e+02,
    1.7015379853546619e-04, 1, -1, 4.0800003051757813e+01,
    3.7200000762939453e+01, 2.4000000953674316e+00,
    2.6706488037109375e+02, 1.5472801169380546e-04, 1, -1,
    4.3200000762939453e+01, 3.7200000762939453e+01,
    2.4000000953674316e+00, 2.2817181396484375e+02,
    7.7153148595243692e-05, 1, -1, 6., 3.8400001525878906e+01,
    2.4000000953674316e+00, 3.3522134399414063e+02,
    6.1899554566480219e-05, 1, -1, 1.4400000572204590e+01,
    3.8400001525878906e+01, 2.4000000953674316e+00,
    1.8317922973632813e+02, 6.3951818447094411e-05, 1, -1,
    3.0240001678466797e+01, 4.3200001716613770e+00,
    2.8800001144409180e+00, 2.7735165405273438e+02,
    2.1976446078042500e-05, 2, -1, 3.3120002746582031e+01,
    1.4400000572204590e+01, 2.8800001144409180e+00,
    5.7534481048583984e+01, 1.3617334479931742e-04, 2, -1,
    3.8880001068115234e+01, 1.5840000152587891e+01,
    2.8800001144409180e+00, 1.9188917541503906e+02,
    1.4670968812424690e-04, 2, -1, 3.0240001678466797e+01,
    1.7280000686645508e+01, 2.8800001144409180e+00,
    1.6993896484375000e+01, 1.0991254384862259e-04, 2, -1,
    2.8800001144409180e+01, 2.0159999847412109e+01,
    2.8800001144409180e+00, 6.8582588195800781e+01,
    1.3720785500481725e-04, 2, -1, 4.0319999694824219e+01,
    2.0159999847412109e+01, 2.8800001144409180e+00,
    2.1805852890014648e+01, 1.2872590741608292e-04, 2, -1,
    2.4480001449584961e+01, 2.4480001449584961e+01,
    2.8800001144409180e+00, 2.7570977783203125e+02,
    9.9290038633625954e-05, 2, -1, 4.4640003204345703e+01,
    2.4480001449584961e+01, 2.8800001144409180e+00,
    1.0197667694091797e+02, 5.7014447520487010e-05, 2, -1,
    2.8800001144409180e+01, 2.5920001983642578e+01,
    2.8800001144409180e+00, 1.0840400695800781e+01,
    9.1293492005206645e-05, 2, -1, 3.8880001068115234e+01,
    2.7360000610351563e+01, 2.8800001144409180e+00,
    2.0656710815429688e+02, 1.1415906192269176e-04, 2, -1,
    2.7360000610351563e+01, 36., 2.8800001144409180e+00,
    2.2499044799804688e+02, 1.4477083459496498e-04, 2, -1,
    4.3200000762939453e+01, 3.7440002441406250e+01,
    2.8800001144409180e+00, 2.3538317871093750e+02,
    6.8317123805172741e-05, 2, -1, 1.2960000991821289e+01,
    3.8880001068115234e+01, 2.8800001144409180e+00,
    2.7248907470703125e+02, 3.7122645153431222e-05, 2, -1,
    3.4560005187988281e+01, 1.3824001312255859e+01,
    3.4560003280639648e+00, 8.6987792968750000e+01,
    1.6277789836749434e-04, 3, -1, 3.8016002655029297e+01,
    1.3824001312255859e+01, 3.4560003280639648e+00,
    1.3435682678222656e+02, 9.3508620921056718e-05, 3, -1,
    3.9744003295898438e+01, 1.9008001327514648e+01,
    3.4560003280639648e+00, 1.8946199035644531e+02,
    9.0486995759420097e-05, 3, -1, 2.5920001983642578e+01,
    2.2464002609252930e+01, 3.4560003280639648e+00,
    2.2849635314941406e+02, 9.4688650278840214e-05, 3, -1,
    4.4928005218505859e+01, 2.4192001342773438e+01,
    3.4560003280639648e+00, 2.0861009216308594e+02,
    3.6937872209819034e-05, 3, -1, 2.7648002624511719e+01,
    2.5920001983642578e+01, 3.4560003280639648e+00,
    3.5102783203125000e+02, 8.5426094301510602e-05, 3, -1,
    4.1472003936767578e+01, 2.7648002624511719e+01,
    3.4560003280639648e+00, 2.4737577819824219e+02,
    1.0861463670153171e-04, 3, -1, 3.4560005187988281e+01,
    3.2832004547119141e+01, 3.4560003280639648e+00,
    1.8438678741455078e+01, 1.1400369112379849e-04, 3, -1,
    2.5920001983642578e+01, 3.4560005187988281e+01,
    3.4560003280639648e+00, 3.1060556030273438e+02,
    7.2607203037478030e-05, 3, -1, 4.1472003936767578e+01,
    3.4560005187988281e+01, 3.4560003280639648e+00,
    1.2450122070312500e+02, 5.8142093621427193e-05, 3, -1,
    6.9120006561279297e+00, 3.6288002014160156e+01,
    3.4560003280639648e+00, 8.1027832031250000e+01,
    1.2400064406392630e-05, 3, -1, 1.2096000671386719e+01,
    3.6288002014160156e+01, 3.4560003280639648e+00,
